$GNGGA,150350.000,4923.07245,N,00104.04530,E,1,08,4.2,-8.5,M,45.3,M,,*63
$GNGLL,4923.07245,N,00104.04530,E,150350.000,A,A*4A
$GNGSA,A,3,05,18,25,29,,,,,,,,,6.0,4.²,4.3,1*36
$GNGSA,A,3,23,43,,,,,,,,,,,6.0,4.2,4.3,4*35
$GNGSA,A,3,75,85,,,,,,,,,,,6.0,4.2,4.3,2*3A
$GPGSV,3,1,09,04,12,318,,05,13,077,18,18,42,161,33,20,,,34,0*51
$GPGSV,3,2,09,25,32,112,34,26,50,294,,28,52,212,,29,64,060,41,0*66
$GPGSV,3,3,09,31,58,259,,0*5D
$BDGSV,1,1,03,23,43,148,38,38,,,30,43,48,060,41,0*77
$GLGSV,2,1,05,78,,,32,70,,,38,86,,,38,75,65,122,38,0*43
$GLGSV,2,2,05,85,76,078,34,°*48
$GNRMC,150350.000,A,4923.07245,N,00104.04530,E,0.00,283.33,210125,,,A,V*0B
$GNVTG,283.33,T,,M,0.00,N,0.00,K,A*2A
$GNZDA,150350.000,21,01,2025,00,00*4D
$GPTXT,01,01,01,ANTENNA OK*35


$GNGGA,150353.000,4923.07231,N,00104.04697,E,1,09,2.6,-8.0,M,45.3,M,,*6B
$GNGLL,4923.07231,N,00104.04697,E,150353.000,A,A*44
$GNGSA,A,3,05,18,20,25,29,,,,,,,,3.6,2.6,2.5,1*35
$GNGSA,A,3,23,43,,,,,,,,,,,3.6,2.6,2.5,4*34
$GNGSA,A,3,75,85,,,,,,,,,,,3.6,2.6,2.5,2*3B
$GPGSV,3,1,09,04,12,318,,05,13,077,18,18,42,161,33,20,13,043,34,0*64
$GPGSV,3,2,09,25,32,112,35,26,50,294,,28,52,212,,29,64,060,41,0*67
$GPGSV,3,3,09,31,58,259,,0*5D
$BDGSV,1,1,03,23,43,148,38,38,,,32,43,48,060,41,0*75
$GLGSV,2,1,05,78,,,32,70,,,38,86,,,38,75,65,122,38,0*43
$GLGSV,2,2,05,85,76,078,34,0*48
$GNRMC,150353.000,A,4923.07231,N,0°104.04697,E,0.00,283.33,2101²5,,,A,V*05
$GNVTG,283.33,T,,M,0.00,N,0.00,K,A*2A
$GNZDA,150353.000,21,01,2025,00,00*4E
$GPTXT,01,01,01,ANTENNA OK*35


$GNGGA,150357.000,4923.07210,N,00104.04952,E,1,09,2.6,-7.2,M,45.3,M,,*67
$GNGLL,4923.07210,N,00104.04952,E,150357.000,A,A*45
$GNGSA,A,3,05,18,20,25,29,,,,,,,,3.6,2.6,2.5,1*35
$GNGSA,A,3,23,43,,,,,,,,,,,3.6,2.6,2.5,4*34
$GNGSA,A,3,75,85,,,,,,,,,,,3.6,2.6,2.5,2*3B
$GPGSV,³,1,09,04,12,318,,05,13,077,18,18,42,161,33,20,13,043,35,0*65
$GPGSV,3,2,09,25,32,112,35,26,50,294,,28,52,212,,29,64,060,41,0*67
$GPGSV,3,3,09,31,58,259,,0*5D
$BDGSV,1,1,03,23,43,148,38,38,,,31,43,48,060,41,0*76
$GLGSV,2,1,05,78,,,31,70,,,38,86,,,38,75,65,122,37,0*4F
$GLGSV,2,2,05,85,76,078,34,0*48
$GNRMC,150357.000,A,4923.07210,N,00104.04952,E,0.00,283.33,210125,,,A,V*04
$GNVTG,283.33,T,,M,0.00,N,0.00,K,A*2A
$GNZDA,150357.000,21,01,2025,00,00*4A
$GPTXT,01,01,01,ANTENNA OK*35


